14 40.601340456157466 15.719236499418162
15 40.601347304859175 15.71912337336408
16 40.601351744735126 15.719010119686196
17 40.60135618461108 15.71889686600831
18 40.60135593312737 15.718783486951056
19 40.60135568138171 15.718669989790616
20 40.601357328694014 15.718556675572147
21 40.60136243851668 15.718443479589112
22 40.601367548339354 15.718330283606077
23 40.60137266348476 15.71821696971056
24 40.601377250476 15.718103740512769
25 40.60138154017094 15.717990492428155
26 40.60138559008021 15.717877235205961
27 40.60138561694684 15.71776370653951
28 40.60138564378552 15.717650296009026
29 40.6013856706242 15.717536885478545
30 40.60139394514249 15.717423997572261
31 40.60140241310316 15.717311121923688
32 40.601405369302874 15.71719797095038
33 40.60140605416582 15.717084534992436
34 40.60141036767889 15.716971279448776
35 40.601414681191955 15.716858023905116
36 40.60141899470503 15.716744768361457
37 40.601423308218095 15.716631512817797
38 40.60143514851381 15.716519435699148
39 40.60145340294931 15.716408582749223
40 40.60147165738482 15.716297729799297
41 40.60149251810211 15.716187774030393
42 40.601518263646945 15.716079499804366
43 40.60154400919178 15.715971225578336
44 40.60156975473661 15.715862951352308
45 40.60159655516132 15.715755182339413
46 40.601629432288476 15.715650323638789
47 40.60166234366263 15.715545355710352
48 40.601698799815665 15.71544258894791
49 40.601736930558786 15.715340800982233
50 40.601775061301915 15.715239013016555
51 40.601813192045036 15.715137225050876
52 40.601851322788164 15.715035437085199
53 40.60188945353129 15.714933649119521
54 40.60192856646542 15.714832516228636
55 40.6019677638413 15.714731439656399
56 40.602006961217185 15.714630363084162
57 40.60204615859307 15.714529286511924
58 40.60208535596896 15.714428209939687
59 40.60212459417544 15.714327028079355
60 40.602164488319175 15.714226427349386
61 40.60220575658403 15.714126765045195
62 40.60224702484888 15.714027102741005
63 40.60228829311373 15.713927440436814
64 40.60232956137858 15.713827778132623
65 40.60236889508176 15.71372683391178
66 40.602405971068485 15.713624393639222
67 40.60244304705521 15.713521953366666
68 40.602480123041936 15.713419513094108
69 40.60251723764948 15.713316966112934
70 40.602554313636205 15.713214525840376
71 40.60258418367256 15.713108155140699
72 40.60261360732262 15.713001540963234
73 40.602642955202015 15.712894770780508
74 40.60266670310334 15.712785759332403
75 40.60269045100466 15.7126767478843
76 40.60270469063103 15.712564983809873
77 40.6027083190578 15.712451680101111
78 40.60270918672344 15.712339912980353
79 40.60272443119429 15.7122282455768
80 40.602736475621406 15.71211599584311
81 40.60274595791033 15.712003291369674
82 40.60275288746851 15.711890161187613
83 40.60276139751502 15.711777461260693
84 40.602775487228215 15.71166562122384
85 40.602786768955156 15.711553081355346
86 40.60279811311137 15.711440682919651
87 40.60280969431836 15.711328241274062
88 40.602822033444816 15.71121603906179
89 40.6028350291085 15.711103839079607
90 40.60284955121553 15.710992056116595
91 40.60286117416332 15.71087968954109
92 40.60287232270324 15.71076722746536
93 40.6028834067056 15.710654778685397
94 40.60289448546672 15.710542216229694
95 40.60290514459619 15.710429693181878
96 40.60291544212531 15.710317101267815
97 40.60292591614816 15.710204535475029
98 40.602936569140596 15.71009187729916
99 40.60294708321574 15.709979322184761
100 40.60295757134003 15.709866764194011
101 40.60296845542229 15.709754274047713
102 40.60297978348177 15.709641740853757
103 40.602991148790416 15.709529335623166
104 40.60300271024684 15.70941697384565
105 40.60301428374645 15.709304495024616
106 40.60302546683877 15.7091920515218
107 40.603036303286146 15.709079533144907
108 40.60304713973352 15.708967014768014
109 40.6030576878339 15.708854456166344
110 40.603068206105284 15.708741893403491
111 40.60307855119149 15.708629300474763
112 40.603088590916585 15.70851653519607
113 40.603098620194515 15.70840388725898
114 40.60310881193626 15.708291260075438
115 40.6031190236297 15.708178635440579
116 40.603129235323145 15.70806601080572
117 40.603139588170606 15.707953410805601
118 40.60315018592632 15.707840853547813
119 40.603160783682036 15.707728296290025
120 40.603171671531925 15.707615783067835
121 40.60318276482218 15.707503301031002
122 40.603193317998816 15.707390732044788
123 40.60320325127142 15.707278076448414
124 40.60316603191661 15.707199718408809
125 40.60317402364559 15.707090310443203
126 40.603190393255225 15.706980057619603
127 40.603204783236144 15.706870730471575
128 40.60322103723763 15.706762157228574
129 40.60321958425461 15.706649213629696
130 40.603227510452854 15.706537511535522
131 40.60323973368727 15.706426322412852
132 40.60325497150424 15.706316318309963
133 40.60326753364696 15.706205707741187
134 40.60328145875991 15.706096580158512
135 40.60332569356137 15.706142153440155
136 40.603314309063975 15.706252917107495
137 40.60330046424172 15.706363590658707
138 40.60328464148656 15.70647288172319
139 40.603275431847564 15.706584574594372
140 40.60326137531921 15.706696165545761
141 40.60324954387873 15.706807658635544
142 40.603241668631995 15.706920229663774
143 40.603232179476656 15.707032259576742
144 40.60321939812304 15.707138183937992
145 40.60314511530205 15.707148685015177
146 40.603147667877934 15.707159794096581
147 40.603140392470976 15.707050960967484
148 40.6031089085181 15.706997531332576
149 40.60314917419774 15.706954722005339
150 40.60316117963436 15.706842404998254
151 40.60317319757665 15.706729970994285
152 40.603185203013275 15.7066176539872
153 40.6031972084499 15.706505336980113
154 40.60320921388652 15.706393019973028
155 40.60322121932315 15.706280702965943
156 40.60323322475978 15.706168385958858
157 40.6032452301964 15.70605606895177
158 40.60325723563302 15.705943751944686
159 40.60326924106965 15.7058314349376
160 40.60328124650627 15.705719117930515
161 40.603293251942894 15.70560680092343
162 40.60330525737952 15.705494483916343
163 40.60331726281615 15.705382166909258
164 40.60332926825277 15.705269849902173
165 40.603341273689395 15.705157532895088
166 40.60335327912602 15.705045215888001
167 40.60336528456264 15.704932898880916
168 40.603377289999266 15.70482058187383
169 40.60338711253984 15.704707922181118
170 40.603396102753145 15.704595131824103
171 40.60340509296645 15.704482341467088
172 40.60341408317975 15.704369551110071
173 40.60342307339305 15.704256760753056
174 40.603432063606355 15.70414397039604
175 40.60344105381966 15.704031180039024
176 40.60345004403296 15.70391838968201
177 40.603459034246264 15.703805599324992
178 40.603468024459566 15.703692808967977
179 40.60347701467287 15.703580018610962
180 40.60348601425098 15.70346711076399
181 40.603495004464286 15.703354320406975
182 40.60350399467759 15.70324153004996
183 40.60351298489089 15.703128739692943
184 40.603521975104194 15.703015949335928
185 40.603530965317496 15.702903158978911
186 40.6035399555308 15.702790368621896
187 40.6035489457441 15.70267757826488
188 40.603557424340124 15.702564723290392
189 40.60356518359456 15.702451777462763
190 40.60357294284899 15.702338831635133
191 40.60358070210342 15.702225885807504
192 40.60358846135786 15.702112939979877
193 40.60359622061229 15.701999994152247
194 40.603603979866726 15.701887048324618
195 40.603611739121156 15.701774102496989
196 40.60361563613229 15.701660820445523
197 40.603618783752935 15.701547473156594
198 40.60362193137358 15.701434125867667
199 40.60362507899423 15.701320778578738
200 40.603628226614866 15.701207431289811
201 40.60363137423551 15.701094084000882
202 40.60363452185616 15.700980736711955
203 40.6036376694768 15.700867389423026
204 40.60364081709744 15.700754042134099
205 40.60364049057943 15.700640780464601
206 40.60363476805882 15.700527651778474
207 40.6036290455382 15.700414523092347
208 40.60362332301759 15.70030139440622
209 40.603617600496975 15.700188265720092
210 40.6036118720154 15.700075019191583
211 40.60360614949479 15.699961890505456
212 40.603600426974175 15.69984876181933
213 40.603594704453556 15.699735633133203
214 40.603588981932944 15.699622504447076
215 40.60358324364465 15.699509377899394
216 40.60357562900254 15.69939650582665
217 40.603568014360434 15.699283633753906
218 40.603560399718326 15.699170761681161
219 40.60355278507622 15.699057889608417
220 40.60354517043411 15.698945017535673
221 40.603537555792 15.698832145462928
222 40.603529941149894 15.698719273390184
223 40.603522326507786 15.69860640131744
224 40.603514546122824 15.698493552832728
225 40.603504648136195 15.698380887014915
226 40.60349476044924 15.698268338435204
227 40.60348487276228 15.698155789855495
228 40.60347498507532 15.698043241275785
229 40.603465097388366 15.697930692696074
230 40.60345520970141 15.697818144116365
231 40.60344532201446 15.697705595536654
232 40.6034354343275 15.697593046956944
233 40.603459424539864 15.697497980019099
234 40.603524995746994 15.697424369667205
235 40.60359056695412 15.697350759315311
236 40.60365613816125 15.697277148963419
237 40.603721777671716 15.697203461934077
238 40.60378734887884 15.697129851582183
239 40.60385292008597 15.69705624123029
240 40.60391849129309 15.696982630878397
241 40.60393032596386 15.696871736766266
242 40.60388832419706 15.696798425142196
243 40.60380919139202 15.696752876471676
244 40.60373005858697 15.696707327801155
245 40.60365092578192 15.696661779130636
246 40.60358294051567 15.696594647406846
247 40.603521926651894 15.696514352211171
248 40.60346091278811 15.696434057015495
249 40.60343372844564 15.696330705296093
250 40.60341913020855 15.696218949376338
251 40.60340453197147 15.69610719345658
252 40.60338993373439 15.695995437536823
253 40.603375335497304 15.695883681617067
254 40.603360737260225 15.69577192569731
255 40.60334613902314 15.695660169777552
256 40.60333154078606 15.695548413857797
257 40.60331694254898 15.695436657938039
258 40.60330234431189 15.695324902018282
259 40.60328774607481 15.695213146098526
260 40.60327314783773 15.695101390178769
261 40.603258549600646 15.694989634259011
262 40.60324239647753 15.694880540663295
263 40.603171123050025 15.694867381515277
264 40.60316232154737 15.694754707297953
265 40.60315352004473 15.69464203308063
266 40.603144718542076 15.694529358863308
267 40.60313591703943 15.694416684645985
268 40.60312711553678 15.694304010428661
269 40.603118314034134 15.69419133621134
270 40.60310951253148 15.694078661994016
271 40.60310070459511 15.693965785558348
272 40.60309190608576 15.693853018461441
273 40.6030831075764 15.693740251364536
274 40.60305574544913 15.69363333117874
275 40.603021209651594 15.693529724981586
276 40.602976477625496 15.693433714576015
277 40.602919260173934 15.693348974029858
278 40.60285757435524 15.693269738339087
279 40.60279610851254 15.693190136126516
280 40.60273464266984 15.693110533913943
281 40.60267317682714 15.693030931701372
282 40.60261164695752 15.692951246569828
283 40.602550181114815 15.692871644357258
284 40.602488715272116 15.692792042144687
285 40.60242724942941 15.692712439932114
286 40.60236578358671 15.692632837719543
287 40.602304317744014 15.692553235506972
288 40.60224285190131 15.6924736332944
289 40.60218138605861 15.692394031081829
290 40.602119920215905 15.692314428869258
291 40.60205845437321 15.692234826656685
292 40.6019969885305 15.692155224444114
293 40.6019355226878 15.692075622231544
294 40.601874056845105 15.691996020018971
295 40.6018125910024 15.6919164178064
296 40.6017511251597 15.69183681559383
297 40.601689659316996 15.691757213381257
298 40.60162313237885 15.69172488408906
299 40.60154733423044 15.691779152093481
300 40.60147153608203 15.6918334200979
301 40.60139573793363 15.69188768810232
302 40.60131993978522 15.69194195610674
303 40.60124414163681 15.69199622411116
304 40.60116834348841 15.69205049211558
305 40.60109254534 15.69210476012
306 40.60101674719159 15.69215902812442
307 40.600940949043185 15.69221329612884
308 40.60086515089478 15.69226756413326
309 40.600789352746375 15.69232183213768
310 40.6007135643023 15.69237608832025
311 40.60063778640883 15.69243029199429
312 40.60056208736852 15.692484439264923
313 40.60047739683588 15.692504249689456
314 40.60039200361764 15.692521376613941
315 40.600306509969094 15.692538477409855
316 40.60022089094938 15.692540609529537
317 40.60013496639008 15.692527652172604
318 40.60005233490308 15.692497107910036
319 40.59997125056521 15.692457791811943
320 40.599896197677616 15.692405831941828
321 40.5998344824649 15.692326711325828
322 40.599782284127016 15.692236222674834
323 40.59973014010583 15.692145828184767
324 40.59968811395465 15.692047381182386
325 40.59964992561623 15.691945879778778
326 40.599611737277804 15.691844378375173
327 40.59957350915987 15.69174277124094
328 40.59953715515275 15.691640264241519
329 40.5995073125871 15.691534187615257
330 40.59947747002144 15.691428110988994
331 40.59944762745579 15.69132203436273
332 40.59941778489013 15.691215957736468
333 40.59938415626244 15.691112262818427
334 40.599340280416676 15.691015014145417
335 40.59929640457091 15.690917765472408
336 40.59925252872514 15.690820516799398
337 40.59920662510544 15.690725207497495
338 40.59914479843773 15.69064644038047
339 40.59908297177002 15.690567673263445
340 40.59901499460673 15.690499609346084
341 40.598939468459314 15.690444682302553
342 40.59886396336142 15.690389963882735
343 40.59878846939161 15.690335355754433
344 40.59871289678224 15.690280690742664
345 40.59863740281243 15.690226082614362
346 40.59856218843595 15.690170806213025
347 40.59848786656044 15.69011339659078
348 40.59841354468493 15.690055986968535
349 40.59833922280942 15.689998577346289
350 40.59826490093391 15.689941167724042
351 40.598190579058404 15.689883758101796
352 40.598116257182895 15.689826348479551
353 40.598041935307386 15.689768938857306
354 40.597967613431884 15.689711529235058
355 40.597893291556375 15.689654119612813
356 40.597817349979344 15.689600556044326
357 40.59773994353804 15.689550958132976
358 40.597660841989 15.689506711623444
359 40.59757708773005 15.6894812479121
360 40.5974915316 15.68946530265
361 40.597405741194684 15.689456317446917
362 40.59731949507132 15.689457122705809
363 40.59723326261523 15.689459617828676
364 40.59714803043784 15.689476968640207
365 40.59707117468864 15.689524382152733
366 40.59699814461819 15.68958504053505
367 40.59692511454775 15.689645698917367
368 40.59685208447731 15.689706357299684
369 40.596776710134435 15.689760886872621
370 40.596697894713 15.689806420172664
371 40.596619079291564 15.689851953472708
372 40.59653275684342 15.689855216588626
373 40.59644678135322 15.689852201043063
374 40.59636204690162 15.689830067314032
375 40.59627938053498 15.689800024394271
376 40.59620286148392 15.689747753113448
377 40.59612986772292 15.68968715248043
378 40.596056873961935 15.689626551847411
379 40.59598398752107 15.689565796252733
380 40.595912901673486 15.689502440745748
381 40.5958418158259 15.689439085238766
382 40.59577072997831 15.68937572973178
383 40.595699644130725 15.689312374224798
384 40.59562389578962 15.689258704166939
385 40.59554701952317 15.689207377160809
386 40.595468334686906 15.68916182481
387 40.595384740401194 15.68913314961
388 40.59530108362495 15.689104437224756
389 40.59522248988973 15.689061016057622
390 40.59515893256497 15.688986090657048
391 40.595135393933965 15.68888027844684
392 40.59512854480364 15.688767881169772
393 40.595131662791786 15.688655168756563
394 40.59513478077993 15.688542456343354
395 40.59513789876808 15.688429743930143
396 40.59514101675622 15.688317031516934
397 40.59513771081815 15.68820458594578
398 40.595127293911446 15.688092318481734
399 40.59510445761345 15.687984295070523
400 40.59505789340677 15.68789442564436
401 40.59498526380497 15.687836874473952
402 40.594903021382 15.687803846316713
403 40.59481918921731 15.687779527743038
404 40.594733595816926 15.687764329267216
405 40.59464800241654 15.687749130791392
406 40.59456240901615 15.68773393231557
407 40.59448080266692 15.68770766212799
408 40.5944272127394 15.687621198955696
409 40.59439277846766 15.687517793070342
410 40.594395637652575 15.687405072780276
411 40.59439430009979 15.687292195450206
412 40.59439025632993 15.687179099326316
413 40.59438621676795 15.6870661208883
414 40.594382177205965 15.686953142450283
415 40.594378137643986 15.686840164012267
416 40.594374098082 15.68672718557425
417 40.59437005852001 15.686614207136234
418 40.594366018958034 15.686501228698218
419 40.59436196423373 15.686388258017345
420 40.59435789249652 15.68627517620174
421 40.59435759711144 15.686162367597264
422 40.59436762000242 15.686049984458636
423 40.5943776428934 15.68593760132001
424 40.594409231219814 15.685832795945721
425 40.59444028482533 15.68572761148105
426 40.594454486893305 15.685615969478992
427 40.59446868896128 15.68550432747693
428 40.5944813740843 15.685392633269313
429 40.59447130503316 15.685280155978306
430 40.59445286525469 15.685170820205984
431 40.59441413252789 15.685069515540784
432 40.594375399801095 15.684968210875583
433 40.594297010819886 15.684927621746391
434 40.594217737235795 15.684885565152143
435 40.59414797194113 15.684818966971523
436 40.594102954965614 15.684727626983028
437 40.59407265542906 15.684621573427721
438 40.5940423558925 15.684515519872416
439 40.59401205635594 15.68440946631711
440 40.59398175681938 15.684303412761805
441 40.59395145728283 15.684197359206498
442 40.593921157746266 15.684091305651194
443 40.593890826647694 15.683985141623435
444 40.59385437245017 15.683883680582474
445 40.593806099997686 15.683790448898574
446 40.593760672865315 15.683694693211438
447 40.59370756134407 15.683605462027119
448 40.593651307882745 15.683519484870702
449 40.59359506353218 15.68343352164901
450 40.59354551808174 15.683340677868648
451 40.593496336629514 15.683247449809201
452 40.59344709137189 15.683154296070969
453 40.593398623231934 15.683061511694211
454 40.59335478361517 15.68296389842475
455 40.593310943998404 15.68286628515529
456 40.59326710438164 15.682768671885828
457 40.59321796359435 15.682675795760911
458 40.593165349626375 15.682586023282418
459 40.59311268085218 15.682496157290927
460 40.59306027168504 15.682406740949661
461 40.593008370067814 15.682318207209354
462 40.59295463778463 15.68223160532855
463 40.59288093452831 15.682177090709976
464 40.59283157897986 15.682091986235442
465 40.592796169637055 15.681989160598256
466 40.592760760294254 15.68188633496107
467 40.592725350951454 15.681783509323886
468 40.59268994160865 15.6816806836867
469 40.59265453226585 15.681577858049515
470 40.59261730597919 15.68147666006027
471 40.592562593553524 15.681394701414318
472 40.59248204010349 15.681360884112252
473 40.59239829325532 15.681337122755183
474 40.59231454640715 15.681313361398114
475 40.59224074631971 15.681260971499611
476 40.592171850000774 15.681194467685659
477 40.59211911333297 15.681107440402766
478 40.5920707100987 15.681014909468363
479 40.59202877170232 15.680917350718042
480 40.591994602973486 15.680813749363274
481 40.59196039865223 15.680710040090426
482 40.5919262299234 15.680606438735657
483 40.59189206119457 15.680502837380887
484 40.59185789246574 15.680399236026117
485 40.59182372373691 15.680295634671348
486 40.59178955500808 15.680192033316578
487 40.591755386279246 15.680088431961808
488 40.5917407540752 15.679978436067838
489 40.59173416632254 15.679865807128312
490 40.59172757170763 15.679753060866977
491 40.59172098395497 15.679640431927451
492 40.59170775333288 15.679532315979769
493 40.59164100374383 15.679460559419178
494 40.591579190390526 15.679384202012947
495 40.59154946256945 15.679277939110065
496 40.59151973474838 15.679171676207181
497 40.591490006927316 15.679065413304297
498 40.59146799196462 15.678956216735163
499 40.59145128353385 15.678845207673438
500 40.59143457510308 15.678734198611714
501 40.59141786667231 15.678623189549992
502 40.59140115824154 15.678512180488267
503 40.591384449810775 15.678401171426543
504 40.591341960867254 15.67830365450234
505 40.59126986247924 15.678246953101148
506 40.591185358757926 15.678224837446747
507 40.59109952696981 15.6782200888398
508 40.59101624525709 15.67824816018838
509 40.59093295061337 15.678276268017212
510 40.590850079102985 15.678307013260412
511 40.59076762765664 15.678340372783227
512 40.5906851762103 15.678373732306042
513 40.59060272476396 15.678407091828856
514 40.5905249999164 15.67845301700328
515 40.59045747690157 15.678521893663262
516 40.590403736013556 15.67861040692063
517 40.59035351620114 15.678702472886465
518 40.590305465940354 15.678796727894895
519 40.590262416530734 15.678894760892295
520 40.59022402586173 15.678996313424694
521 40.590183298985785 15.67909600453353
522 40.590128457809314 15.679183463639411
523 40.59007336262181 15.679270548515944
524 40.5900011035456 15.679332346180656
525 40.589926795837066 15.67938891630431
526 40.58984591094052 15.679428703269828
527 40.589760595477756 15.679437195592225
528 40.58967419874676 15.679437243265324
529 40.58959329541488 15.679398456841392
530 40.589512578257285 15.679357718151861
531 40.58945868985843 15.679270377967471
532 40.58940491370713 15.679182653140362
533 40.589359042324425 15.67908808071481
534 40.58931094548166 15.678995936985253
535 40.58924681679362 15.678920359434082
536 40.589182754836784 15.678844860527608
537 40.58910560207851 15.67879581805307
538 40.589023893750024 15.678759282075143
539 40.58894109467167 15.678726719144162
540 40.58892596778196 15.678646286366625
541 40.58886319430126 15.678606074065844
542 40.58877856062746 15.678583116200933
543 40.58869874382399 15.678540681274368
544 40.58862225608707 15.67848968874783
545 40.5885553636656 15.678418540094802
546 40.588499707764704 15.678331814511765
547 40.58845601915229 15.678235709472114
548 40.588421992862095 15.678131921466886
549 40.58838999044419 15.678027169788015
550 40.58836847671819 15.677917298893707
551 40.58834698537899 15.677807542329154
552 40.588318485580984 15.677700604493662
553 40.58827971192823 15.677599416273464
554 40.58823711208701 15.677501357414185
555 40.588188096094804 15.677408856267983
556 40.58813472122737 15.677322075479639
557 40.58806351730275 15.67725787152065
558 40.58798160637371 15.677233245243194
559 40.58789557581596 15.677243750302347
560 40.58780954525822 15.677254255361502
561 40.58773144058453 15.677300916353017
562 40.58765423705926 15.677350446446912
563 40.58758116161348 15.677410132928841
564 40.58751385429753 15.67748053911207
565 40.58744900679324 15.677555516698378
566 40.587384159288966 15.677630494284687
567 40.58731665163935 15.677699805283607
568 40.58723541084726 15.677729843830258
569 40.587150916347056 15.677712556811764
570 40.587076159279185 15.677655775852488
571 40.58701830450729 15.677574156631309
572 40.58696245426509 15.677488661420945
573 40.58689830256855 15.677413162038867
574 40.586828019643875 15.677350372686613
575 40.58674861929704 15.6773064837414
576 40.58666921895021 15.677262594796188
577 40.58658981860338 15.677218705850978
578 40.58651273447461 15.677172827316406
579 40.58651274733174 15.677060607104492
580 40.5864416774875 15.67700063484375
581 40.58637385874222 15.676932344711794
582 40.58631983065334 15.676845459132307
583 40.58627063498774 15.676754563442838
584 40.586235379516665 15.676652626583333
585 40.586212764801516 15.676545389988094
586 40.58620099539188 15.67643475038646
587 40.586191014619054 15.67632355336509
588 40.58618099134562 15.676212199069123
589 40.58616472253059 15.67610355204729
590 40.58609154200588 15.67608800247206
591 40.586006450167346 15.67610780075753
592 40.5859214060119 15.676127525327708
593 40.58584064285205 15.676114744378458
594 40.58576536172193 15.676060752840208
595 40.585690080591824 15.676006761301956
596 40.58561479946171 15.675952769763706
597 40.5855395183316 15.675898778225454
598 40.58547983153846 15.675841382152665
599 40.58553703329741 15.675757915470259
600 40.58558894055827 15.675667735944174
601 40.58564090188918 15.675577462481082
602 40.58569292376792 15.675487048696226
603 40.58577526583023 15.67550692437597
604 40.58572608133744 15.675575572501101
605 40.58566067814442 15.675649727573365
606 40.58559534300884 15.675723805481143
607 40.58553000787326 15.675797883388919
608 40.58546467273768 15.675871961296696
609 40.5853993376021 15.675946039204472
610 40.58533133676757 15.676015498709008
611 40.58526282266181 15.676084068955777
612 40.58519371926799 15.676151829556796
613 40.58512233115975 15.67621551061185
614 40.585050943051506 15.676279191666906
615 40.58497955494327 15.67634287272196
616 40.584905914389495 15.676401791264379
617 40.584831816572354 15.676459742980924
618 40.58475764156998 15.676517755063841
619 40.58468578023067 15.67657975793836
620 40.58461497104559 15.676643463475884
621 40.584539049869115 15.676695038911177
622 40.584461066353086 15.676740388748257
623 40.58438170278828 15.676784621291942
624 40.584309604056415 15.676845993424111
625 40.584239297047525 15.676911612138214
626 40.58416891680216 15.676977299205145
627 40.584094246552 15.676985712717421
628 40.58401559549606 15.676941935029621
629 40.58395674827679 15.676891317348806
630 40.58392225828113 15.67678815601258
631 40.583887768285464 15.676684994676355
632 40.583854984708246 15.676580494013773
633 40.58382376800358 15.676475018407556
634 40.58379283797796 15.676369642801646
635 40.583763984395524 15.676264892979738
636 40.58373280784245 15.676161771996782
637 40.58368999298403 15.67606723650275
638 40.58365278352052 15.675965508897061
639 40.583615535297156 15.675863675325118
640 40.583582792746256 15.675758955639456
641 40.583557645280244 15.675651213852678
642 40.583541721332715 15.675540108262588
643 40.58351970882227 15.675431560271868
644 40.58349704053315 15.675323406168218
645 40.58347207882356 15.675217220699725
646 40.58345634327454 15.67510819147697
647 40.58344468053515 15.674997906903233
648 40.583433017795755 15.674887622329495
649 40.58341617534074 15.674778164719447
650 40.58339585860071 15.674669144974462
651 40.58337185589097 15.67456128021583
652 40.58334500628385 15.674454215315638
653 40.58331944302276 15.674346001160163
654 40.583301785853045 15.674235341292379
655 40.58330283183998 15.67412328832054
656 40.58332809438993 15.674016775950614
657 40.58336438220123 15.673914543923095
658 40.58340277888676 15.673813390892331
659 40.58344361617953 15.673713486588149
660 40.58349432823586 15.673623920485687
661 40.583547143873446 15.673536737727133
662 40.583591528843094 15.673441747577025
663 40.58363155863357 15.673342724224643
664 40.58367056671388 15.673243253467401
665 40.58368308603899 15.673131501491525
666 40.58368182986795 15.673018786550932
667 40.58367107779217 15.672906815209222
668 40.5836544400616 15.672795864247448
669 40.58363603549241 15.672685359056084
670 40.583613876528254 15.672575949257807
671 40.58358870632626 15.672467393023807
672 40.583577288767145 15.67235532310647
673 40.5835684961232 15.672242683859418
674 40.58356036297123 15.672129812350686
675 40.58355146800596 15.672017219865058
676 40.58353324310947 15.671906523092668
677 40.58349854872698 15.671802935843619
678 40.5834582664209 15.671703127355224
679 40.58341550850856 15.671606046835196
680 40.583371801789475 15.671510474788148
681 40.58332775348839 15.67141505057284
682 40.58332983213791 15.671310959542087
683 40.58335495134478 15.671202485455215
684 40.583380070551655 15.671094011368343
685 40.58340518975852 15.670985537281473
686 40.583384141713 15.670913654958971
687 40.583299827432704 15.670891916906161
688 40.5832155131524 15.67087017885335
689 40.58313111104473 15.670848418156735
690 40.583046796764435 15.670826680103927
691 40.58301095142272 15.670735055505377
692 40.58300114401943 15.670622529600779
693 40.58297315565416 15.670515802621665
694 40.58292254921946 15.67042438625593
695 40.58286708527315 15.67033764599642
696 40.5827831999105 15.670313976139
697 40.582762821619006 15.670301363351305
698 40.58269222361536 15.67036635366096
699 40.58261009737706 15.670367739947991
700 40.58252516727137 15.670348045692197
701 40.58244032959452 15.67032669298848
702 40.58235540354509 15.670305318042363
703 40.58227212537666 15.6702753134141
704 40.58219025288448 15.670240639491556
705 40.582117807159015 15.670178877905641
706 40.58204528596926 15.670117051984741
707 40.58197284024379 15.670055290398826
708 40.58190039184067 15.669993520911508
709 40.58182794319412 15.669931750705882
710 40.58175549454757 15.669869980500255
711 40.58168297043368 15.669808145950665
712 40.581610573281566 15.669746434592081
713 40.5815381855902 15.669684734045099
714 40.58146579789883 15.669623033498116
715 40.58139341020746 15.669561332951133
716 40.58133948382892 15.66947520954089
717 40.58129157522638 15.669381125086822
718 40.58124361671906 15.669286942628116
719 40.58118659955023 15.66920461610785
720 40.581115184970166 15.669140874708752
721 40.5810437703901 15.669077133309655
722 40.58097235581004 15.669013391910559
723 40.58090094122998 15.668949650511461
724 40.580829526649914 15.668885909112365
725 40.580768019001354 15.668810051455619
726 40.58072312398506 15.668714021589176
727 40.580680744214945 15.668615728960823
728 40.58063836444483 15.668517436332472
729 40.58059569977125 15.668419407248365
730 40.58054790738047 15.668325978232271
731 40.58050016472162 15.668232646436799
732 40.5804412082968 15.6681521630488
733 40.58037374912634 15.668081421859876
734 40.5803287177336 15.667987074355695
735 40.58028690954387 15.66788950261872
736 40.58024510135415 15.667791930881746
737 40.58022959041432 15.667684555564955
738 40.580214667591896 15.667576960998774
739 40.58017123766806 15.667482824110646
740 40.580119202370014 15.667392905209997
741 40.58006716707196 15.667302986309346
742 40.58000887366771 15.66722185672948
743 40.57994127416771 15.667153797279479
744 40.57987486009899 15.66708322506225
745 40.57981020882188 15.667008916242972
746 40.57974545883973 15.666934498518518
747 40.5796804381298 15.66685977898889
748 40.57962368950914 15.666775898919742
749 40.57958349637082 15.666677848022921
750 40.5795638865422 15.666568977445564
751 40.57954429592759 15.66646021898599
752 40.57952467075524 15.666351426565713
753 40.57950504558289 15.666242634145437
754 40.57948542041054 15.666133841725161
755 40.579451817578956 15.666031707697309
756 40.57941040124974 15.665933172640605
757 40.57935133687863 15.665859181991042
758 40.57927280064118 15.665812093447059
759 40.57919426106974 15.665764984980076
760 40.57911563690927 15.665717810847353
761 40.579072542675014 15.66562324245255
762 40.579037298894995 15.665521256403268
763 40.5790114659883 15.665414569837111
764 40.578992328647125 15.66530628392788
765 40.57898844667854 15.665194737896467
766 40.57897810803689 15.665083196039209
767 40.57896517703507 15.664971539661481
768 40.578952259489036 15.664859999471451
769 40.57893934194299 15.664748459281423
770 40.57892642439695 15.664636919091393
771 40.57891350685091 15.664525378901365
772 40.578900589304865 15.664413838711335
773 40.57889568411958 15.664301228057385
774 40.578882252266126 15.664192760206452
775 40.5788389605447 15.664094749720737
776 40.578809437310326 15.663990167907457
777 40.57879329866405 15.663879077551817
778 40.57876698590731 15.663771615337884
779 40.57874340516341 15.66366332768569
780 40.5787327087201 15.663550778308254
781 40.57872202340734 15.663438346047759
782 40.57871133809457 15.663325913787261
783 40.57869421842717 15.663215223860682
784 40.578672805493724 15.663105576360016
785 40.57865141484222 15.662996042956644
786 40.57863000489343 15.662886512167873
787 40.57860859381701 15.662776981531882
788 40.578579032238174 15.66267178072196
789 40.5785378164124 15.662573077912523
790 40.578524373676 15.662464722324499
791 40.578463463176845 15.662424389937193
792 40.57837913133411 15.66244406357592
793 40.57829545385316 15.662470795068623
794 40.57820992872096 15.662468034798929
795 40.57812561998511 15.662477338789197
796 40.57804270758806 15.662498811439672
797 40.57795918345382 15.662511840608465
798 40.57787984947749 15.662547950740114
799 40.577800734584685 15.662585692828715
800 40.57772184358742 15.662623381448586
801 40.577643179258985 15.662660871982713
802 40.57756413802332 15.66269687115095
803 40.577483125132126 15.662722457499829
804 40.57740138896663 15.66274116206204
805 40.57731812049294 15.662745187345065
806 40.57723424757735 15.662749310812876
807 40.577150170723144 15.662754703812858
808 40.57706528090312 15.662769529182812
809 40.57698000104598 15.662773592397098
810 40.57689473212686 15.662771443971737
811 40.57682458634752 15.662719310917886
812 40.57677321822354 15.662631577257283
813 40.57673245522606 15.662532356399447
814 40.57669729481331 15.662429313593428
815 40.57665153017325 15.662335040525566
816 40.57659386321368 15.662251362537635
817 40.57653223177396 15.662172210982256
818 40.57646725749867 15.662097590909287
819 40.576401538097656 15.662024192150648
820 40.57633258981847 15.661956085754108
821 40.57626365743807 15.66188798109056
822 40.576191493117456 15.66182655723064
823 40.57611596157464 15.661771839523817
824 40.57604054891959 15.661717114357431
825 40.57596939367635 15.661655584483558
826 40.57590521244929 15.661583439269014
827 40.575845371939806 15.661504970938335
828 40.57579490619352 15.661414767176295
829 40.57574872362089 15.6613207344844
830 40.57570703930708 15.661222909466485
831 40.57565013632007 15.661138721792845
832 40.575589620921704 15.66105820021251
833 40.57552901414126 15.660977534045154
834 40.575446230694126 15.660946862362003
835 40.575363255025735 15.66091746215475
836 40.575280268749545 15.660887902047568
837 40.575199188088504 15.6608511414089
838 40.57513159123245 15.660784066707285
839 40.57507551798416 15.660698757495014
840 40.57501528654113 15.660623192997582
841 40.57493316086371 15.66059073316348
842 40.574850993283846 15.660558291333954
843 40.574770435932855 15.66052132390924
844 40.5746920225972 15.66047727336285
845 40.57461342354943 15.660433111841892
846 40.5745349085307 15.660389059375925
847 40.57445716162241 15.660342955850863
848 40.57438414948449 15.660284209230172
849 40.57431066666191 15.660224993417916
850 40.57423723123333 15.660165809168978
851 40.574166271183095 15.660101713263302
852 40.57409643034268 15.660035881106264
853 40.57402383106218 15.659976101841636
854 40.573947819033286 15.65992397686504
855 40.573871807004394 15.659871851888443
856 40.5737957949755 15.659819726911847
857 40.57372460585529 15.659758842797611
858 40.573654345369675 15.659696272141344
859 40.57358071909239 15.659640396283349
860 40.57350891175979 15.659580860163581
861 40.573437636961344 15.659520161075708
862 40.57336186953796 15.659469666664602
863 40.57328588634895 15.659419048883889
864 40.57320928324654 15.659368069180298
865 40.573132759856 15.659317142525305
866 40.57305587996759 15.65926595315029
867 40.57297905185852 15.659214795664372
868 40.57290210654005 15.65916356017096
869 40.57282499544993 15.65911221432356
870 40.572746518203246 15.659065583435478
871 40.57266541538541 15.659027414385797
872 40.57258423639297 15.65898923541265
873 40.57250363175512 15.658949248029797
874 40.57242488435981 15.658903419414159
875 40.57234621890769 15.658857638486987
876 40.57226603558536 15.658817555719978
877 40.572183763312935 15.658785314975368
878 40.57210250530428 15.658747820886903
879 40.57202210863663 15.65870667966386
880 40.57194598162064 15.658654857706614
881 40.57187457893929 15.658590965252975
882 40.57181052536263 15.65851608237651
883 40.57174158054341 15.658447881633
884 40.571672563906674 15.658379609847051
885 40.571603619087455 15.658311409103543
886 40.571533923483486 15.658244784543053
887 40.57146159484567 15.658183687723007
888 40.57138919086553 15.65812252726044
889 40.5713168362053 15.65806141879796
890 40.57124445325983 15.65800029768066
891 40.571172070314354 15.657939176563358
892 40.57109080547397 15.65790682359413
893 40.57100764298474 15.65788061704339
894 40.5709244804955 15.657854410492648
895 40.570841452983046 15.657827242973694
896 40.57075966898012 15.657791222279503
897 40.5706778849772 15.657755201585314
898 40.57059610097428 15.657719180891123
899 40.57051423177968 15.657683122675374
900 40.57043244777676 15.657647101981183
901 40.570350628188734 15.657611062900411
902 40.57026875452256 15.657574995877823
903 40.57018688085638 15.657538928855235
904 40.57010500719021 15.657502861832649
905 40.57002170038175 15.657474157346831
906 40.56993813236018 15.657446794801213
907 40.569858617360225 15.657405095232313
908 40.56978287309609 15.657350692962671
909 40.56970712883195 15.65729629069303
910 40.56963262421062 15.657239536365486
911 40.569567051374676 15.657165835159223
912 40.56950141023369 15.65709205718087
913 40.5694371251796 15.657016951851206
914 40.569392156853205 15.656920784670524
915 40.5693471416848 15.656824517315695
916 40.56930223980185 15.65672843617037
917 40.56925738981628 15.656632422225204
918 40.56921253983071 15.656536408280038
919 40.56916768984514 15.656440394334872
920 40.5691200045371 15.65634708050382
921 40.569062778670386 15.65626270776433
922 40.56900468964045 15.656179533000325
923 40.56894408997702 15.656099378955016
924 40.56888202200025 15.656021120789099
925 40.56881575762443 15.655949102975114
926 40.56874083541982 15.655895337976036
927 40.568665835171245 15.655841516971751
928 40.56858157928537 15.655834030457417
929 40.56849587448869 15.65583372796779
930 40.56841010739431 15.655822988756245
931 40.56832414607942 15.655815059560753
932 40.56823774143097 15.655812690641694
933 40.568151481182454 15.6558071045258
934 40.56806807834861 15.65578209584707
935 40.56798691961696 15.655743198080259
936 40.56791489544087 15.655681347534141
937 40.5678440171 15.6556166178
938 40.5677690857782 15.655560160332872
939 40.567694154456404 15.655503702865744
940 40.567619223134606 15.655447245398616
941 40.56754705624304 15.655385458860952
942 40.56747918831257 15.655315175818409
943 40.56741139100429 15.655244965911187
944 40.56734359369601 15.655174756003964
945 40.56727178264631 15.65511184090313
946 40.567199210627045 15.655050308832504
947 40.56712656301193 15.65498871266597
948 40.56705399099267 15.654927180595344
949 40.56698170222433 15.65486593298424
950 40.566909353734644 15.654804637219467
951 40.5668371485062 15.654743456014277
952 40.566765144960584 15.654682425459342
953 40.56669314141496 15.654621394904407
954 40.56662113786933 15.654560364349472
955 40.56654738178886 15.654507204952617
956 40.56647342192526 15.654454960806701
957 40.56639946206165 15.654402716660785
958 40.566325502198055 15.654350472514869
959 40.566251542334456 15.654298228368953
960 40.56617758247086 15.654245984223037
961 40.56610362260726 15.65419374007712
962 40.56602966274366 15.654141495931206
963 40.56595570288005 15.65408925178529
964 40.565881743016455 15.654037007639374
965 40.56582323572956 15.653965624296305
966 40.56578924485658 15.653864261155427
967 40.56574628580012 15.653769935429793
968 40.565696948302985 15.653680614924626
969 40.56563283524899 15.65361226636618
970 40.56556032114643 15.653563305275137
971 40.56547700755163 15.653548881093121
972 40.56539414833103 15.65352932924871
973 40.56531237175644 15.653500383966943
974 40.56523162027649 15.65346839260656
975 40.5651612133545 15.653405379015924
976 40.56509087969673 15.653342430996142
977 40.56502054603897 15.653279482976359
978 40.564977717581314 15.653183003659569
979 40.5649369197089 15.653084048877897
980 40.56489612183648 15.652985094096227
981 40.56485531216939 15.652886144720817
982 40.56480694850355 15.6528005031539
983 40.564724034839244 15.652776812789835
984 40.56463872346409 15.652766107918584
985 40.564553009553535 15.652757583093575
986 40.564469794620244 15.65273429312695
987 40.56438946185068 15.652693437551553
988 40.564309212674004 15.65265262448976
989 40.56422896349733 15.652611811427967
990 40.564155422569094 15.652554659995877
991 40.56408290438703 15.652495017599769
992 40.564010386204956 15.65243537520366
993 40.56393786802289 15.65237573280755
994 40.56386288088488 15.652322049738723
995 40.56378370484409 15.65227847743865
996 40.56370444632826 15.652234859750765
997 40.563625270287474 15.652191287450691
998 40.56354561491452 15.65214973277913
999 40.56346053940091 15.652130992829946
1000 40.5633754638873 15.652112252880762
1001 40.56328975317057 15.652098643424539
1002 40.56320377944753 15.65208642295157
1003 40.56311789518725 15.652074215195015
1004 40.56303365108401 15.652050957174238
1005 40.562950650616344 15.652019320381687
1006 40.56287951705515 15.652049325770344
1007 40.56280672199755 15.652088891540524
1008 40.562720469142135 15.652080314594542
1009 40.56263434094752 15.652071345505117
1010 40.56254860418703 15.65205683891614
1011 40.56246356164121 15.652039729178572
1012 40.562384367414104 15.65199730975
1013 40.562305173187 15.651954890321429
1014 40.56222597895989 15.651912470892857
1015 40.5621498282882 15.651861570795937
1016 40.56207510166538 15.651806702679883
1017 40.56200029720232 15.651751777409542
1018 40.56192550479161 15.651696880826593
1019 40.56185063231111 15.651641949596872
1020 40.56177575983062 15.651587018367152
1021 40.5617013772832 15.651531163571455
1022 40.56163209940919 15.651465481785538
1023 40.56156289362453 15.651399868346953
1024 40.56149368783988 15.651334254908367
1025 40.56141923292569 15.651280106580966
1026 40.561343370384954 15.651229032781398
1027 40.56126750784422 15.651177958981831
1028 40.56119164530348 15.651126885182263
1029 40.561114880496355 15.651078592342582
1030 40.56103703131401 15.651033641757444
1031 40.56095918213167 15.650988691172307
1032 40.56088133294933 15.650943740587168
1033 40.56080130653151 15.6509060409308
1034 40.560720049828134 15.65087212165019
1035 40.56063887767909 15.650838237665399
1036 40.56055770553004 15.650804353680607
1037 40.56047529170251 15.65078158491171
1038 40.56039184905567 15.650768025893123
1039 40.56030793757416 15.650760267250286
1040 40.56022295881374 15.650765712875797
1041 40.56013798005331 15.650771158501309
1042 40.5600545528159 15.650793103846025
1043 40.55999383915066 15.650733950016063
1044 40.55994000984005 15.650647900332212
1045 40.55988618052944 15.650561850648359
1046 40.55983235121884 15.650475800964507
1047 40.55977852190823 15.650389751280656
1048 40.55971639896154 15.650316668459341
1049 40.55965547044527 15.650238542764011
1050 40.55959853397085 15.650154527901178
1051 40.55954152653843 15.650070389607926
1052 40.559484520169 15.649986159255485
1053 40.55942751379958 15.649901928903043
1054 40.55937054412854 15.649817770741917
1055 40.559313702387435 15.64973386423836
1056 40.55925663656543 15.649650085272606
1057 40.55919370728894 15.649574115030308
1058 40.55913077801245 15.649498144788012
1059 40.5590653840918 15.649425417102004
1060 40.55899804874755 15.649355243608378
1061 40.558919250317196 15.649310864447628
1062 40.5588384288727 15.649271310846794
1063 40.558764086521215 15.649214489478261
1064 40.55871151247696 15.649129222559534
1065 40.55866539055201 15.649034258221434
1066 40.5586071319934 15.648954594825044
1067 40.55852763675239 15.648910983444962
1068 40.55844630642788 15.648874180913383
1069 40.558362855884106 15.648845564493548
1070 40.55827983527581 15.648817043203225
1071 40.55819852815133 15.648782834926152
1072 40.558117259347576 15.648748499464073
1073 40.558039372346286 15.648704409851199
1074 40.557968815937905 15.648638896633267
1075 40.55789833294931 15.648573451587259
1076 40.557829040080385 15.648506164967731
1077 40.55776027350769 15.648437882184616
1078 40.5576915784923 15.648369670455384
1079 40.55762409347912 15.648299569223077
1080 40.55755686820144 15.648229085620862
1081 40.55749274982446 15.648154098754675
1082 40.557428631447486 15.648079111888489
1083 40.55735753205608 15.648016476085383
1084 40.55728550039222 15.647955293413865
1085 40.557213543683254 15.64789417440798
1086 40.55719867455348 15.647796621420246
1087 40.557207549815054 15.647683914475461
1088 40.5572017576375 15.647571372054166
1089 40.55720980740421 15.647459513873029
1090 40.5572182501569 15.647350936754748
1091 40.5572372174932 15.647240898397651
1092 40.55725672662078 15.647130784817964
1093 40.557276235748354 15.647020671238277
1094 40.55729574487592 15.646910557658591
1095 40.5573152540035 15.646800444078904
1096 40.55733476313107 15.646690330499217
1097 40.55735429258065 15.646580102217884
1098 40.55737380170822 15.646469988638197
1099 40.5573933108358 15.646359875058511
1100 40.55741281996337 15.646249761478824
1101 40.55743232909094 15.646139647899137
1102 40.55745183821852 15.64602953431945
1103 40.55747134734609 15.645919420739762
1104 40.55749085647366 15.645809307160077
1105 40.55751036560123 15.64569919358039
1106 40.55752987472881 15.645589080000702
1107 40.55754414230596 15.645483602305015
1108 40.55745882042508 15.64546620640533
1109 40.5573734985442 15.645448810505643
1110 40.55728776720037 15.64543713141325
1111 40.55720139988218 15.645434331617293
1112 40.557115032563985 15.645431531821338
1113 40.55702866524579 15.645428732025382
1114 40.55694229792759 15.645425932229426
1115 40.556855930609395 15.645423132433468
1116 40.5567695632912 15.645420332637512
1117 40.55668438554289 15.645403790170187
1118 40.556599859835494 15.645381215014831
1119 40.55651533412811 15.645358639859477
1120 40.556430808420714 15.645336064704123
1121 40.556346256410286 15.645313490359303
1122 40.556261594872254 15.64529089316061
1123 40.556177002212806 15.645268311656842
1124 40.55609239862505 15.645245725706788
1125 40.55600779503729 15.645223139756736
1126 40.55592319144953 15.645200553806683
1127 40.555838587861764 15.64517796785663
1128 40.555753984274006 15.645155381906578
1129 40.555669518498156 15.645131033807584
1130 40.555588227716754 15.645095468996193
1131 40.55551046411282 15.645047488968071
1132 40.55543980873981 15.644982956794525
1133 40.55537005059167 15.644916109192522
1134 40.55532072016483 15.644823653316113
1135 40.5552678336928 15.644736175859599
1136 40.55520789575281 15.644658640488187
1137 40.55514026170733 15.644588162864345
1138 40.55508578983258 15.644525414963814
1139 40.55500584211309 15.644487390326894
1140 40.55493589502228 15.644461222868468
1141 40.55485132183321 15.644470555961307
1142 40.55476576912198 15.644474337558512
1143 40.554685671824885 15.644516009271223
1144 40.55461694023858 15.644581431604266
1145 40.55454762240363 15.644648861586886
1146 40.55448323940427 15.644722830284389
1147 40.55442840234983 15.644804789465368
1148 40.55437493968582 15.644891613523443
1149 40.5543300713493 15.644986512888943
1150 40.554285414641015 15.645081221019554
1151 40.554252185017795 15.645185826329119
1152 40.554218285360236 15.645290102234084
1153 40.55418306636901 15.64539351850152
1154 40.55414330383259 15.645494127662836
1155 40.55410643044473 15.645588491082927
1156 40.554084357990604 15.645696139029878
1157 40.55403722768386 15.645791049062533
1158 40.55400128655505 15.645893680259139
1159 40.55397193105599 15.645998194788223
1160 40.553929592750116 15.646096909049941
1161 40.553901018506515 15.646203090517067
1162 40.5538578894042 15.646298493263963
1163 40.55380821502853 15.646387609695964
1164 40.553752016790796 15.646467671242517
1165 40.55368401180077 15.646529243303076
1166 40.553609355189096 15.64658396617606
1167 40.55352575590617 15.646562250986834
1168 40.553446872600496 15.646522058039706
1169 40.55337847749063 15.646455794399317
1170 40.55332502535122 15.64637198717755
1171 40.55331737070388 15.646259359307626
1172 40.55333088260221 15.64614749355092
1173 40.55334233448107 15.646035175638298
1174 40.55335704012488 15.645923533487938
1175 40.553376822604896 15.645813505208956
1176 40.553390999253764 15.6457017145817
1177 40.55339883025045 15.64558888828702
1178 40.553420495290325 15.645506052965581
1179 40.553431066246695 15.645393511290179
1180 40.553454307119125 15.645285385902707
1181 40.55346605553957 15.645173145770434
1182 40.55348553896039 15.645062758816817
1183 40.55349597807094 15.644950585823677
1184 40.55351320912542 15.644839608205436
1185 40.553525713207065 15.644727472366203
1186 40.55353690776962 15.644615125796074
1187 40.553558233210474 15.644505270532552
1188 40.5535768738024 15.644405199731805
1189 40.553583571412254 15.644327178718937
1190 40.553593918426905 15.644221606207715
1191 40.55361463429177 15.644111753604852
1192 40.55363407998687 15.644001483830527
1193 40.5536395911426 15.643888730536506
1194 40.553660666026545 15.643778939793666
1195 40.55367191841011 15.643666856152207
1196 40.55369043203648 15.643556415574505
1197 40.55370504011341 15.64344469124333
1198 40.553720328436924 15.643333282732549
1199 40.553734869251535 15.643221600829307
1200 40.553754051558535 15.6431115139278
1201 40.55377324710299 15.643001124927608
1202 40.55379219593658 15.642893941708351
1203 40.5538013857422 15.642796019260926
1204 40.553811349105864 15.642683494150909
1205 40.55380697711456 15.642575495465337
1206 40.55375459850057 15.642491354172924
1207 40.553678405824776 15.642518088566078
1208 40.55362703255127 15.642605879378738
1209 40.55359885382739 15.642710595736895
1210 40.55357339539624 15.642816840660082
1211 40.55354108532733 15.642921580917905
1212 40.55351496168592 15.643029444558795
1213 40.553490116467295 15.643136656833574
1214 40.55346064605998 15.643242602719031
1215 40.553429950222736 15.643348126541843
1216 40.55341151024058 15.643458588981613
1217 40.55338986113621 15.643564456609733
1218 40.55336210081673 15.643669713618767
1219 40.55333043113083 15.643773764278171
1220 40.553303944257515 15.64387313093858
1221 40.55326197636833 15.64397064613756
1222 40.55322121809374 15.644062354812457
1223 40.553184202125706 15.644160760931191
1224 40.55312737446211 15.644239824125693
1225 40.55306490619837 15.644317860094985
1226 40.552997854573604 15.64438859276356
1227 40.55292246892976 15.644443784345707
1228 40.55284648071837 15.644497709463403
1229 40.55276769349929 15.644543211018357
1230 40.552688101637266 15.644586094788277
1231 40.552606912857996 15.644610477415915
1232 40.552525385635846 15.644641635680632
1233 40.55244456165842 15.644673347689686
1234 40.55236326966631 15.64471092510467
1235 40.5522878148073 15.644745765802597
1236 40.552209912608475 15.644794284442748
1237 40.55212912479471 15.644834372027168
1238 40.55204870782906 15.644875667665211
1239 40.55196844359261 15.644917763310959
1240 40.55188826287774 15.644959815152706
1241 40.551808082162864 15.645001866994452
1242 40.5517302832909 15.645048504104658
1243 40.551671080275014 15.645130939962192
1244 40.55161187406816 15.64521338119177
1245 40.551552594350504 15.645295928226535
1246 40.55150171629511 15.645386306537763
1247 40.55146036964176 15.645485733047252
1248 40.551425114541075 15.645588530786586
1249 40.5513998148556 15.645696504855042
1250 40.551376899600825 15.645805122786612
1251 40.551369912343155 15.64591804172379
1252 40.55136291780709 15.646031078284862
1253 40.55135593054941 15.646143997222039
1254 40.55134894329174 15.646256916159217
1255 40.5513419625975 15.646369790047682
1256 40.55133506408472 15.646482099875497
1257 40.55132815838599 15.646594526692715
1258 40.55129816393066 15.646699970308333
1259 40.55126477231213 15.646804523104167
1260 40.55121512460028 15.646896873269972
1261 40.55114888094722 15.646968548517009
1262 40.551079540372434 15.647036228657772
1263 40.55101019979766 15.647103908798533
1264 40.55092686274735 15.647131828782332
1265 40.55084337836573 15.647159330238162
1266 40.5507598939841 15.647186831693993
1267 40.550676409602474 15.647214333149824
1268 40.55059292522085 15.647241834605653
1269 40.55050944083923 15.647269336061484
1270 40.55042617114873 15.647298045730693
1271 40.55034371215756 15.647331317757887
1272 40.550261253166404 15.647364589785079
1273 40.55017879417524 15.647397861812271
1274 40.55009633518407 15.647431133839463
1275 40.550013876192914 15.647464405866655
1276 40.549931174331235 15.647496229976541
1277 40.54984568734406 15.647511450047704
1278 40.54976011130795 15.647526685973107
1279 40.5496859445515 15.647574838891648
1280 40.54962054521959 15.647648498026552
1281 40.54955514588769 15.647722157161455
1282 40.549529057517 15.647821244373405
1283 40.54952462510394 15.647934339621335
1284 40.549522834001124 15.64804742859415
1285 40.5495236198087 15.648160629241433
1286 40.549524404798575 15.648273712094076
1287 40.54952519321539 15.6483868359
1288 40.54952598290505 15.648499974917142
1289 40.54952431155818 15.648613052063165
1290 40.54951824683533 15.648726136590996
1291 40.54947221468242 15.648818607384385
1292 40.54941718626538 15.648905266635387
1293 40.549334802226866 15.648939506697015
1294 40.54925241818835 15.648973746758642
1295 40.54916907361372 15.648954912112325
1296 40.549085220073344 15.648930084036836
1297 40.54900117900953 15.648905643662026
1298 40.548927918170605 15.648847383309931
1299 40.54885583168249 15.648785405831937
1300 40.54878374519437 15.648723428353941
1301 40.54871165870626 15.648661450875947
1302 40.54863957221814 15.648599473397953
1303 40.54856748573003 15.648537495919957
1304 40.548495399241915 15.648475518441963
1305 40.5484233127538 15.648413540963967
1306 40.548351000885454 15.648351808902591
1307 40.548275908594476 15.648296030954416
1308 40.5482008163035 15.648240253006243
1309 40.548125724012515 15.64818447505807
1310 40.54805063172154 15.648128697109897
1311 40.54797553943056 15.648072919161724
1312 40.54790044713958 15.648017141213549
1313 40.547831929808034 15.64795048044793
1314 40.54777443270532 15.647866075153198
1315 40.54771693560261 15.647781669858468
1316 40.54765943849989 15.647697264563735
1317 40.547601941397176 15.647612859269005
1318 40.54754444429446 15.647528453974273
1319 40.54748694719175 15.647444048679542
1320 40.547429450089034 15.64735964338481
1321 40.54737195298632 15.64727523809008
1322 40.54731445588361 15.647190832795348
1323 40.54724322366798 15.647132562494908
1324 40.54716251228991 15.647092329021516
1325 40.54708180091185 15.647052095548124
1326 40.54700108953378 15.647011862074732
1327 40.54692037815572 15.64697162860134
1328 40.5468395827033 15.646931353218081
1329 40.54675887132523 15.646891119744689
1330 40.54667815994717 15.646850886271297
1331 40.5465974485691 15.646810652797905
1332 40.546514369096705 15.646781254656359
1333 40.54642963405393 15.646759431658316
1334 40.54634489901115 15.646737608660272
1335 40.546260163968384 15.64671578566223
1336 40.54617542892561 15.646693962664187
1337 40.54609069388283 15.646672139666144
1338 40.54600595884006 15.6466503166681
1339 40.54592206719009 15.646637915264224
1340 40.54584351273581 15.646685136009685
1341 40.545764958281524 15.646732356755145
1342 40.54568640382724 15.646779577500606
1343 40.54562807444436 15.646861301648672
1344 40.54557285661093 15.646948334012523
1345 40.5455176387775 15.647035366376373
1346 40.545461691656406 15.647121588347483
1347 40.54540426647175 15.64720632245157
1348 40.54534217082345 15.647282991792508
1349 40.54526588451726 15.64733573136254
1350 40.54518965286346 15.64738848155989
1351 40.54510628921301 15.64738612090379
1352 40.54502149330351 15.647372831799716
1353 40.54493819223619 15.647344812956375
1354 40.544854837370316 15.647316658689352
1355 40.5447712633224 15.647288412286512
1356 40.54468768927449 15.647260165883672
1357 40.54460487589488 15.647232162919034
1358 40.54452226380398 15.647204226146307
1359 40.5444389269964 15.647176058037008
1360 40.5443552511012 15.647147781687663
1361 40.54427303685189 15.64711466934658
1362 40.544191362108705 15.647080182666523
1363 40.54411699721566 15.647026997803351
1364 40.54404751845403 15.646961060944472
1365 40.54399056880728 15.646879753957434
1366 40.543945322840464 15.646783783434547
1367 40.54392859350404 15.64667421638308
1368 40.5439178162394 15.646561785853805
1369 40.543907038974766 15.646449355324533
1370 40.54389625971857 15.646336986051415
1371 40.543885475043496 15.646224783452023
1372 40.54387469036842 15.646112580852632
1373 40.54386390569334 15.646000378253241
1374 40.54385310978423 15.645888058776142
1375 40.54384730403103 15.645775318710209
1376 40.54384688760975 15.645661996874637
1377 40.54384647118847 15.645548675039064
1378 40.543846054767194 15.645435353203492
1379 40.54384562666863 15.645322078377276
1380 40.54384519088605 15.645208834484675
1381 40.54384475510347 15.645095590592076
1382 40.54384431932089 15.644982346699475
1383 40.54384388353831 15.644869102806876
1384 40.54383743527721 15.644756258850691
1385 40.54382976643776 15.644643496084605
1386 40.543822097598316 15.64453073331852
1387 40.543814428758864 15.644417970552436
1388 40.54380675991942 15.64430520778635
1389 40.54379906720666 15.644192273691615
1390 40.54379137336798 15.644079426150551
1391 40.5437836795293 15.643966578609488
1392 40.54377598569061 15.643853731068424
1393 40.54375423165208 15.643746856429157
1394 40.543710109712585 15.643649362925169
1395 40.54366158398127 15.643556105646761
1396 40.54360916475866 15.643466466296937
1397 40.54355341674574 15.643379931940316
1398 40.54349672103405 15.643294470050117
1399 40.54344002532236 15.643209008159918
1400 40.543375430987 15.643134878955989
1401 40.543306997382544 15.64306625820947
1402 40.543245504832676 15.642988252069152
1403 40.543193371097495 15.642897981547083
1404 40.54314123736231 15.642807711025016
1405 40.54308910362713 15.642717440502947
1406 40.54303696989194 15.64262716998088
1407 40.54298483615676 15.642536899458811
1408 40.54293270242158 15.642446628936744
1409 40.5428805841085 15.642356359631473
1410 40.54282846913786 15.642266090589915
1411 40.542776354167216 15.64217582154836
1412 40.54272418491014 15.642085458476553
1413 40.54267206993949 15.641995189434997
1414 40.54262638933722 15.64189998248449
1415 40.54259223074342 15.641795933231904
1416 40.54255807214963 15.64169188397932
1417 40.54253754296749 15.641583136275614
1418 40.54252895239388 15.6414705573282
1419 40.542534490403355 15.641357500949052
1420 40.54254002841284 15.641244444569905
1421 40.54255340857942 15.641133471809864
1422 40.542579728171255 15.641026253360884
1423 40.542606075179336 15.64091892322602
1424 40.542635370969236 15.640812382171932
1425 40.54266489723911 15.640705893576035
1426 40.5426939389102 15.640599238976801
1427 40.54270892721607 15.640487770280828
1428 40.54272391552195 15.640376301584853
1429 40.54273695878735 15.64026453790653
1430 40.542742844735834 15.640151570277633
1431 40.542679324603306 15.640079171218725
1432 40.542607438539996 15.64002524569
1433 40.54252252372017 15.640041434226696
1434 40.54244352682565 15.640080750770775
1435 40.54237173948804 15.640140050039786
1436 40.5422896384432 15.640173256063985
1437 40.54221067553234 15.640218442594785
1438 40.54213248189168 15.640266565981289
1439 40.54205427443941 15.640314678887881
1440 40.541975966894846 15.640362827778969
1441 40.54189951024118 15.640415176358037
1442 40.54182638517071 15.640475526795624
1443 40.54175265678824 15.640534329069324
1444 40.54167238502353 15.6405765986464
1445 40.541591015558076 15.640611572070595
1446 40.54150466438282 15.640615960264999
1447 40.54141925129512 15.640615585789138
1448 40.541347413579054 15.640552671753452
1449 40.54128599845926 15.640473992212964
1450 40.54126548892282 15.640372111197578
1451 40.54127192026142 15.640260281003497
1452 40.541323665069136 15.6401694036628
1453 40.541375356032106 15.64007862088749
1454 40.54142704699507 15.639987838112182
1455 40.54147873795803 15.639897055336872
1456 40.54153042892099 15.639806272561565
1457 40.54153086244517 15.639693925217683
1458 40.54158444602588 15.639672678389411
1459 40.541667160964444 15.639701212015556
1460 40.54174449670481 15.639702058579887
1461 40.54180596975993 15.63962286705233
1462 40.54186744281504 15.63954367552477
1463 40.54192891587016 15.63946448399721
1464 40.54199038892528 15.639385292469651
1465 40.5420518619804 15.639306100942093
1466 40.54211333503551 15.639226909414534
1467 40.54218283956197 15.63916111803131
1468 40.54225316475541 15.639096695893606
1469 40.54232348994885 15.639032273755902
1470 40.54239381514229 15.638967851618197
1471 40.542466785633934 15.638909403306556
1472 40.542542948553454 15.638857931855764
1473 40.542619032219164 15.638806513965273
1474 40.54269511588487 15.638755096074783
1475 40.542761502195276 15.638696156934834
1476 40.54275869212295 15.638583549218229
1477 40.54275588205063 15.638470941501623
1478 40.54275432961083 15.638358381981588
1479 40.54275571164693 15.638245934920217
1480 40.542757093683036 15.638133487858845
1481 40.54267954870294 15.6380849080564
1482 40.5426012590037 15.638036814908713
1483 40.542522437294494 15.637990865648623
1484 40.54244151287331 15.637951210281699
1485 40.54235752953328 15.637925778834266
1486 40.54227294767676 15.637902662095176
1487 40.54219606611633 15.637851487101452
1488 40.542139102 15.637768467631481
1489 40.542125848152175 15.6376618406971
1490 40.542129473869565 15.637550322247826
1491 40.54216669063718 15.637448574913494
1492 40.54221339162727 15.637355022118182
1493 40.54225897385592 15.637263896587225
1494 40.54231638731238 15.637181240164812
1495 40.54235318581867 15.637079773335367
1496 40.54237765745649 15.636971873768726
1497 40.54239945804747 15.636862929173228
1498 40.542416223414556 15.63675241853019
1499 40.5424520809625 15.636652129395312
1500 40.542496491116346 15.636556419126082
1501 40.54243763256675 15.636478992500807
1502 40.54237423580162 15.636402464849477
1503 40.542318177399366 15.63631804783749
1504 40.54227115864156 15.636223539180373
1505 40.542213397363625 15.636139133792176
1506 40.54216401173803 15.63604685899939
1507 40.54212154385644 15.635948532062711
1508 40.5420993022312 15.635838934084745
1509 40.54207708375021 15.635729450152542
1510 40.542067251923555 15.635617213043286
1511 40.542060679742775 15.63550425141375
1512 40.54205410071598 15.63539117211585
1513 40.542032569173514 15.635283219278522
1514 40.541997217459226 15.63517989380233
1515 40.54195016073768 15.635087495017595
1516 40.54188708264898 15.635010389712875
1517 40.541822301831345 15.634935923470977
1518 40.54175194956713 15.634869910268376
1519 40.541681670510265 15.634803965757975
1520 40.541617329005156 15.634730829479368
1521 40.54157249659869 15.634634063105235
1522 40.54152766419222 15.634537296731102
1523 40.54149110241959 15.634435317582366
1524 40.54146196133424 15.634328661359183
1525 40.541432820248886 15.634222005136001
1526 40.541399662682586 15.634117508942479
1527 40.541360344255146 15.634016651348812
1528 40.541321025827706 15.633915793755145
1529 40.54127767820233 15.633818548242534
1530 40.54122109178372 15.633733170996246
1531 40.54116444642093 15.633647704815326
1532 40.54110786000233 15.633562327569038
1533 40.54105122457782 15.633476897202454
1534 40.54099454330909 15.63339141714269
1535 40.54093786204036 15.633305937082925
1536 40.54088118077163 15.633220457023159
1537 40.540824499502904 15.633134976963394
1538 40.54075841403426 15.633063315302913
1539 40.54068707369584 15.632999650836894
1540 40.540612292365246 15.632944408552502
1541 40.54053588493505 15.632894261422496
1542 40.540472085808 15.632817804788715
1543 40.54040828668094 15.632741348154934
1544 40.54034448755389 15.63266489152115
1545 40.540281050860386 15.632587999472623
1546 40.54022335587739 15.632504209537858
1547 40.540165660894395 15.632420419603095
1548 40.54010790581246 15.632336542387147
1549 40.54004434341202 15.63226298831278
1550 40.53996853678675 15.632210794603033
1551 40.53989273016148 15.632158600893286
1552 40.53981283950191 15.632121559140849
1553 40.53972772011435 15.63210391621262
1554 40.5396435619745 15.632079757630077
1555 40.53955982195585 15.632052764883998
1556 40.53947599470801 15.632025744020474
1557 40.53939225468936 15.631998751274397
1558 40.53930851467071 15.631971758528318
1559 40.53922465985691 15.631944727925795
1560 40.53914068590942 15.631917658684559
1561 40.53906929158574 15.631854630585021
1562 40.53899806092205 15.631790939151932
1563 40.53892660759519 15.631727016506852
1564 40.53885522862143 15.631663160378572
1565 40.53878973052351 15.631590614710342
1566 40.53873367868054 15.631504565278513
1567 40.53867762683757 15.631418515846686
1568 40.538612293937724 15.631344479602218
1569 40.53854623784304 15.631271558655474
1570 40.538479018742706 15.63120092850821
1571 40.53840190833681 15.63114978149714
1572 40.538324797930905 15.631098634486069
1573 40.53826409911839 15.631019644362109
1574 40.53820643863885 15.630935723098748
1575 40.53814877815932 15.630851801835387
1576 40.53809111767978 15.630767880572026
1577 40.538043175609275 15.630675344119249
1578 40.538004133848915 15.630574777043844
1579 40.53796513271473 15.6304743146168
1580 40.53791887025248 15.630379827019624
1581 40.537865406722155 15.630291264668667
1582 40.53781194319183 15.63020270231771
1583 40.537757767537144 15.63011506522
1584 40.53770422297369 15.630027507436843
1585 40.53766194912054 15.629930420678727
1586 40.53760193843083 15.629849067244125
1587 40.53754192774112 15.629767713809523
1588 40.5374819170514 15.62968636037492
1589 40.53742190636169 15.62960500694032
1590 40.53736189567198 15.629523653505718
1591 40.53730188498226 15.629442300071116
1592 40.537239322873766 15.62936441727436
1593 40.537176143539774 15.629287374075632
1594 40.537112964205775 15.629210330876905
1595 40.53704978487178 15.629133287678178
1596 40.536986605537784 15.62905624447945
1597 40.536923426203785 15.628979201280725
1598 40.53686024686979 15.628902158081997
1599 40.536797067535794 15.62882511488327
1600 40.5367338882018 15.628748071684543
1601 40.536670643056 15.628670948232484
1602 40.536604158739195 15.628599715264265
1603 40.536531064456774 15.62854010275706
1604 40.536457970174354 15.628480490249856
1605 40.53638018921665 15.628435683902392
1606 40.53629648359397 15.62840959477573
1607 40.536213478907 15.628381062982157
1608 40.53613759768283 15.628327706876002
1609 40.53606171645867 15.628274350769848
1610 40.5359858352345 15.628220994663693
1611 40.53591672450887 15.628155952575263
1612 40.53585776953104 15.628073381513419
1613 40.53579881455321 15.627990810451575
1614 40.535739798163945 15.62790815337821
1615 40.535684774385366 15.627821244090566
1616 40.53563055460362 15.627733447562264
1617 40.535576334821876 15.627645651033962
1618 40.53552211504014 15.62755785450566
1619 40.53545623386482 15.62748662745044
1620 40.535386356827374 15.627421078046833
1621 40.53531647978993 15.627355528643227
1622 40.53524660275247 15.627289979239622
1623 40.53517526639232 15.627227597295258
1624 40.53509927167017 15.627175326323409
1625 40.53502327694801 15.62712305535156
1626 40.53494728222586 15.627070784379713
1627 40.53487120834254 15.627018458958934
1628 40.53479521362038 15.626966187987087
1629 40.534719218898225 15.626913917015239
1630 40.534643199558566 15.626861628232755
1631 40.53456714775235 15.626809315960882
1632 40.53449109594613 15.62675700368901
1633 40.53441504413991 15.626704691417137
1634 40.534340607923994 15.626649470614751
1635 40.53427932722908 15.626570566063904
1636 40.534218046534164 15.626491661513056
1637 40.53415670200519 15.626412674769968
1638 40.53410862918582 15.626327982352322
1639 40.53412193414105 15.626216393377197
1640 40.53413523909627 15.626104804402074
1641 40.53417865157736 15.626013270420161
1642 40.534237259392825 15.625931858237335
1643 40.534300805652705 15.625859187846588
1644 40.53438089190312 15.62581664507927
1645 40.53446097815354 15.62577410231195
1646 40.53454106440396 15.625731559544633
1647 40.53462115065438 15.625689016777315
1648 40.5347012369048 15.625646474009997
1649 40.53478132315522 15.625603931242678
1650 40.53486140940564 15.62556138847536
1651 40.534939895564094 15.625515807544737
1652 40.53501127844692 15.625456536605263
1653 40.535082587049956 15.625397327342105
1654 40.535059498081715 15.625311454298838
1655 40.53499139414572 15.625242939252903
1656 40.53491322477924 15.62519612087417
1657 40.534833462403064 15.625153158712168
1658 40.534751638610096 15.625116628920155
1659 40.53466989996156 15.625080137140415
1660 40.53458897420663 15.625041486764903
1661 40.53451496207162 15.624984477639243
1662 40.5344409499366 15.624927468513583
1663 40.5343711987071 15.624862919214682
1664 40.53430502272015 15.624792043103753
1665 40.534238846733196 15.624721166992822
1666 40.53417484380301 15.624644908693552
1667 40.53411093102372 15.62456867398673
1668 40.534041801823626 15.624500976282725
1669 40.53397117622399 15.62443572753127
1670 40.53390055062437 15.624370478779818
1671 40.53382992502474 15.624305230028364
1672 40.53376387478598 15.62423352413138
1673 40.53370866092824 15.624146524994979
1674 40.5336534470705 15.624059525858577
1675 40.53360292477047 15.62396787328145
1676 40.53355352239067 15.623875109882986
1677 40.53350406855005 15.623782249855983
1678 40.53345471458881 15.623689445918576
1679 40.53340918569313 15.62359343940458
1680 40.533363656797455 15.623497432890586
1681 40.53331812790178 15.62340142637659
1682 40.533272599006104 15.623305419862595
1683 40.533225315084756 15.623211291474448
1684 40.53316223593235 15.623134066218924
1685 40.53309915677994 15.6230568409634
1686 40.533036077627536 15.622979615707877
1687 40.53297646185602 15.622898170101184
1688 40.53292151480169 15.622810874852263
1689 40.53286662492432 15.622723670441268
1690 40.53282785876177 15.622622745299468
1691 40.53278975713411 15.62252125466117
1692 40.53275165550645 15.622419764022872
1693 40.53269497528904 15.622335515253374
1694 40.53263434779491 15.622254787202861
1695 40.53257378338871 15.622174143156561
1696 40.53251321898251 15.622093499110264
1697 40.53245208616717 15.622013720943688
1698 40.53238177760427 15.621947920549754
1699 40.53231146904138 15.621882120155822
1700 40.5322410872404 15.621816251219812
1701 40.532170778677504 15.62175045082588
1702 40.53210325489772 15.621679991231591
1703 40.53203762009669 15.621606371200699
1704 40.531971916926075 15.621532674482273
1705 40.53190445387937 15.621461977187277
1706 40.531839432038495 15.621388197022567
1707 40.53178771286739 15.62129755560326
1708 40.5317351330413 15.621207671308946
1709 40.53168255321521 15.621117787014631
1710 40.53164346526625 15.621017308549565
1711 40.53160887269031 15.620913481627825
1712 40.53157428011438 15.620809654706086
1713 40.53153968753844 15.620705827784347
1714 40.53150509496251 15.620602000862608
1715 40.531477851387656 15.6204948055663
1716 40.53145546476507 15.620385384112407
1717 40.531433078142484 15.620275962658514
1718 40.531410691519895 15.62016654120462
1719 40.53138830489731 15.620057119750726
1720 40.5313544786186 15.619955170802733
1721 40.53130127453227 15.619865750433059
1722 40.531248125809185 15.619776423112677
1723 40.5311931031056 15.619689329765436
1724 40.53113100402788 15.61961067216752
1725 40.53106890495015 15.619532014569604
1726 40.53100674420631 15.61945322858377
1727 40.530945157870214 15.619373989795205
1728 40.5309018570781 15.619275929310476
1729 40.53085855628598 15.619177868825746
1730 40.53081525549386 15.619079808341018
1731 40.530776150207714 15.618978937341314
1732 40.53073775524475 15.618877590505337
1733 40.530699336497676 15.61877621170139
1734 40.530660893262514 15.61867479998328
1735 40.53062245002735 15.618573388265169
1736 40.530584006792196 15.618471976547058
1737 40.53054109713149 15.618373941381064
1738 40.530490683965944 15.618281946287599
1739 40.5304402708004 15.618189951194136
1740 40.53038985763485 15.618097956100671
1741 40.53032649263263 15.618020943149618
1742 40.53026264850175 15.617944647461586
1743 40.53019143647244 15.617881757835299
1744 40.530115937375086 15.617826468147774
1745 40.53004146687865 15.61776980507214
1746 40.52998943189157 15.617679350232503
1747 40.5299373969045 15.617588895392867
1748 40.52991069665967 15.617482165636513
1749 40.529894897233696 15.617372079507435
1750 40.529902694519684 15.617259245631917
1751 40.52991049180567 15.617146411756401
1752 40.52991828909166 15.617033577880884
1753 40.52992608637765 15.616920744005366
1754 40.52993388366364 15.61680791012985
1755 40.5299416890718 15.616694958719046
1756 40.529949486357786 15.616582124843529
1757 40.529957283643775 15.616469290968011
1758 40.52996508092976 15.616356457092495
1759 40.52997287821575 15.616243623216977
1760 40.52999906334283 15.61613643921693
1761 40.53002724437876 15.61602986848281
1762 40.53005542541469 15.615923297748692
1763 40.53009019707975 15.615821196212158
1764 40.53014207475975 15.615730694503068
1765 40.53019395243975 15.615640192793977
1766 40.53024583011975 15.615549691084887
1767 40.530297707799754 15.615459189375795
1768 40.53032050155472 15.61535327765899
1769 40.53033050431599 15.615240765312628
1770 40.530308808827144 15.615131419169723
1771 40.53027986310665 15.615025133848624
1772 40.530245565010354 15.614921324688991
1773 40.530211302604066 15.614817623551376
1774 40.5301871378095 15.61471071083696
1775 40.53018138630691 15.614597941717788
1776 40.530175634804316 15.614485172598618
1777 40.53019222321459 15.614374293386911
1778 40.53021961266179 15.61426856244271
1779 40.53026444797134 15.614171906232032
1780 40.53030928328089 15.614075250021356
1781 40.53035416529389 15.613978493127124
1782 40.53039900609873 15.613881841644169
1783 40.530449116883545 15.613789724046539
1784 40.53049922766835 15.613697606448909
1785 40.53054933845316 15.61360548885128
1786 40.53059865547772 15.613512689142429
1787 40.53064285905805 15.613415354425825
1788 40.5306870166409 15.613318120994045
1789 40.530729135562225 15.613219863565375
1790 40.53074533435849 15.613108586747664
1791 40.53076153315476 15.612997309929955
1792 40.53077772922517 15.61288604303806
1793 40.53079390049619 15.612774811980012
1794 40.530810054939664 15.612663696667083
1795 40.530826209383136 15.612552581354153
1796 40.53084236382661 15.612441466041224
1797 40.53085916582078 15.612330561693684
1798 40.5308862545694 15.612222887438083
1799 40.530913315129936 15.612115325226453
1800 40.53094037569047 15.612007763014823
1801 40.530967436251004 15.611900200803195
1802 40.53099744159828 15.611794209121193
1803 40.53102877254443 15.611688924414766
1804 40.53106010349058 15.61158363970834
1805 40.53109143443673 15.61147835500191
1806 40.53112276538288 15.611373070295484
1807 40.53115411619816 15.611267723620974
1808 40.53118554773172 15.61116211731655
1809 40.53121694655817 15.61105662090422
1810 40.53124834538462 15.610951124491892
1811 40.53127974421106 15.610845628079563
1812 40.53131114303751 15.610740131667233
1813 40.531342541863964 15.610634635254906
1814 40.53137394069041 15.610529138842576
1815 40.53141052725487 15.610428527555491
1816 40.531476752853955 15.61035582638955
1817 40.53154297845305 15.610283125223612
1818 40.53160920405214 15.610210424057671
1819 40.53167542965122 15.610137722891732
1820 40.531741655250315 15.610065021725791
1821 40.53181092755534 15.609997466941374
1822 40.53188179575396 15.60993260788061
1823 40.53195266395258 15.609867748819847
1824 40.5320235321512 15.60980288975908
1825 40.53209447417086 15.609737963136796
1826 40.53216534236948 15.609673104076032
1827 40.53223620772867 15.609608243512145
1828 40.53230706986984 15.609543381244718
1829 40.532377932011 15.60947851897729
1830 40.532448794152174 15.609413656709865
1831 40.53251973010807 15.609348726877576
1832 40.532580073556765 15.60926979116277
1833 40.53265436748791 15.6092119398257
1834 40.53271135212861 15.609128240212787
1835 40.53276427446851 15.609038690420565
1836 40.532797210259204 15.608934689129791
1837 40.53282684729905 15.608828302640228
1838 40.53285645831673 15.608721955885652
1839 40.53288600961352 15.608615796291028
1840 40.53291556091032 15.608509636696406
1841 40.53294511220711 15.608403477101783
1842 40.532970885756384 15.608295538235241
1843 40.5329944819832 15.608186573877001
1844 40.53301807821002 15.608077609518759
1845 40.53304167443683 15.607968645160518
1846 40.53306527066365 15.607859680802278
1847 40.533088866890466 15.607750716444038
1848 40.533112474785156 15.607641670695333
1849 40.5331360535295 15.607532749820184
1850 40.53315963227386 15.607423828945036
1851 40.533183211018205 15.607314908069887
1852 40.53320678976256 15.607205987194737
1853 40.53323036850691 15.60709706631959
1854 40.53325394725126 15.60698814544444
1855 40.533267086245836 15.606876551703957
1856 40.533276377711815 15.606763853141908
1857 40.53328565950926 15.606651271852037
1858 40.53329631307818 15.6065390028263
1859 40.53331461474292 15.606428474780058
1860 40.53333291640766 15.606317946733816
1861 40.53334963793313 15.60620700900462
1862 40.53336206000987 15.606094956556696
1863 40.53337449502627 15.605982787387472
1864 40.53337962218889 15.60587115624321
1865 40.53334540499048 15.605767246823582
1866 40.53330784283406 15.605665871713619
1867 40.533252603545115 15.605578875339168
1868 40.53319736425617 15.605491878964717
1869 40.533141768937746 15.605405307871203
1870 40.5330804695758 15.605325390962891
1871 40.53301923400092 15.605245557214731
1872 40.53295799699782 15.60516571874168
1873 40.53289674566346 15.605085832856766
1874 40.532836287892955 15.605005050070462
1875 40.532784749869016 15.604914030686036
1876 40.53273326547465 15.604823106014809
1877 40.53269086487518 15.604725417371895
1878 40.53265774357463 15.604620684534328
1879 40.532624656739536 15.604516060679941
1880 40.53259948899335 15.604408381261377
1881 40.53257890598285 15.604298932831972
1882 40.532558301531715 15.604189370393787
1883 40.532537713670216 15.604079890891489
1884 40.53251705431619 15.603969953446077
1885 40.53249639496216 15.603860016000663
1886 40.53247667472594 15.603749865617853
1887 40.53246819852191 15.603637165741343
1888 40.53245972231789 15.603524465864833
1889 40.53245124611386 15.603411765988323
1890 40.53244276990983 15.603299066111813
1891 40.532434293705805 15.603186366235303
1892 40.532425817501775 15.603073666358792
1893 40.532401747398374 15.602965198738536
1894 40.53237529385501 15.602857258202846
1895 40.532348867838756 15.602749429988211
1896 40.5323221903954 15.602641729927091
1897 40.53228610957866 15.602538822807427
1898 40.53225002876193 15.602435915687762
1899 40.53221394794519 15.602333008568097
1900 40.53217786712845 15.602230101448432
1901 40.532142017335374 15.602127072468365
1902 40.53211086502335 15.60202156566013
1903 40.53208793622 15.601916184625217
1904 40.532122831580004 15.601812563226957
1905 40.53217267748 15.60172952742
1906 40.53225313639048 15.601688643061905
1907 40.532331733299614 15.60164257703618
1908 40.53239468928249 15.60157516645879
1909 40.53243001031309 15.601471863421068
1910 40.53241690667674 15.601362408125954
1911 40.53238413552318 15.601267991349541
1912 40.532303590955124 15.601230493265371
1913 40.53221998648507 15.601207738655804
1914 40.53213422198276 15.6012092481601
1915 40.532061364317826 15.60118445936442
1916 40.532035004323006 15.601076579877706
1917 40.532008644328194 15.600968700390991
1918 40.531982284333374 15.600860820904277
1919 40.53195592433856 15.600752941417564
1920 40.53194186225487 15.60064294845379
1921 40.53194616718128 15.60052979899831
1922 40.5319504721077 15.600416649542828
1923 40.53195477703412 15.600303500087344
1924 40.531959081960544 15.600190350631863
1925 40.531963386886964 15.600077201176381
1926 40.531967691813385 15.5999640517209
1927 40.531971996739806 15.599850902265416
1928 40.53197630166622 15.599737752809935
1929 40.531982737354085 15.599625101342083
1930 40.532008376574666 15.599516819086261
1931 40.532033989115526 15.599408649507087
1932 40.53205960165638 15.59930047992791
1933 40.53208521419723 15.599192310348736
1934 40.53211121134616 15.599084297791274
1935 40.53213734469557 15.598976217270572
1936 40.532163450851066 15.598868249216594
1937 40.53218955700657 15.598760281162614
1938 40.53221566316206 15.598652313108634
1939 40.53224176931756 15.598544345054655
1940 40.53226787547306 15.598436377000676
1941 40.53228132763528 15.598324493425634
1942 40.53229461962038 15.598212560287035
1943 40.53230791160548 15.598100627148435
1944 40.53232120359058 15.597988694009837
1945 40.53233449557567 15.597876760871237
1946 40.53234778756077 15.597764827732638
1947 40.532361079545865 15.59765289459404
1948 40.53237437153096 15.59754096145544
1949 40.532387663516054 15.59742902831684
1950 40.53240095550115 15.59731709517824
1951 40.53241424748625 15.597205162039643
1952 40.53242792961036 15.597093308134585
1953 40.532441706742404 15.596981473524746
1954 40.53245549822563 15.59686952242052
1955 40.53246927535768 15.59675768781068
1956 40.53248305248973 15.596645853200839
1957 40.53249682962178 15.596534018590997
1958 40.532510606753824 15.596422183981156
1959 40.53252438388588 15.596310349371317
1960 40.5325414966681 15.596200155329399
1961 40.53258729604185 15.59610407017163
1962 40.53263309541559 15.596007985013864
1963 40.532678894789335 15.595911899856096
1964 40.53272469416308 15.595815814698328
1965 40.53277049353682 15.59571972954056
1966 40.53281629291057 15.595623644382792
1967 40.53286209228431 15.595527559225024
1968 40.532901923884275 15.595427805616241
1969 40.53292909008425 15.595320137042654
1970 40.53295622801555 15.595212580507123
1971 40.53298336594685 15.595105023971593
1972 40.53300978019457 15.594997198567887
1973 40.53303100229267 15.594887321598433
1974 40.533056289297065 15.594779034634223
1975 40.533082222134574 15.594670980857783
1976 40.53310857210647 15.594562974359564
1977 40.53313502874283 15.594455135185736
1978 40.53316444169742 15.594348580979421
1979 40.533196775221946 15.59424358336364
1980 40.5332231898812 15.594136296730214
1981 40.533240710695075 15.594025269957479
1982 40.53326802223727 15.593918114761054
1983 40.53330060499849 15.593813263654772
1984 40.53332746846516 15.593705718428431
1985 40.53335123007804 15.593596816644968
1986 40.53337649813358 15.593488500480289
1987 40.533400049437425 15.593379440109267
1988 40.533423416596655 15.593278829857454
1989 40.533448287540104 15.593176868562646
1990 40.53347664549828 15.593069889159239
1991 40.53350300651196 15.592961916694561
1992 40.53352880470083 15.592853823660345
1993 40.53355426007759 15.59274548069181
1994 40.53358120586418 15.592637887424337
1995 40.5336090666311 15.592530675828284
1996 40.5336342110733 15.592422182006683
1997 40.53366041985165 15.592314248297855
1998 40.53368789922748 15.592206818058303
1999 40.533712300085284 15.592098238579354
2000 40.53373975234505 15.591990709037391
2001 40.53376526530544 15.59188241899263
2002 40.53379147837951 15.591774551131772
2003 40.53381631389047 15.591666115344662
2004 40.53384188558898 15.591558026876408
2005 40.533866788499374 15.59144996032612
2006 40.533895673515104 15.591343484260106
2007 40.5339258650941 15.591237482713352
2008 40.53395190853879 15.59113031118712
2009 40.5339749991235 15.591021516023886
2010 40.53393394438735 15.590959424936754
2011 40.53386778730031 15.59092713594795
2012 40.53382504928744 15.59099861595356
2013 40.533796948521044 15.591096802573855
2014 40.53375453146391 15.591144413904026
2015 40.533688635868955 15.591072535555904
2016 40.533626166800104 15.590995984578036
2017 40.533560936235816 15.590922182669077
2018 40.53349622635352 15.590847650173375
2019 40.53343184422569 15.590772483148525
2020 40.53336860591656 15.59069534903865
2021 40.53330252721245 15.590622280088853
2022 40.53323868546596 15.590546076978512
2023 40.53317659450313 15.590468652149442
2024 40.533114457434294 15.590397658254084
2025 40.53305027598786 15.590325674018095
2026 40.53298613302629 15.59024969827542
2027 40.5329217069348 15.59017407368078
2028 40.53285666738004 15.590099478934844
2029 40.53279559042325 15.590019380138969
2030 40.532734757032145 15.58993877122329
2031 40.532665252782 15.589871795001278
2032 40.532606745791426 15.589789846801525
2033 40.532537983843824 15.58972161679254
2034 40.53246929183571 15.589653816061391
2035 40.532407081912766 15.5895751598395
2036 40.53234088276566 15.58950216909612
2037 40.532274788085175 15.589429215700669
2038 40.532208873353305 15.589355834020914
2039 40.53215192508646 15.589270654134364
2040 40.53208893467031 15.5891945929329
2041 40.53202283908388 15.589124630289986
2042 40.53196003372099 15.58904916963698
2043 40.53189412866707 15.58897592709239
2044 40.53182775852824 15.588903348335945
2045 40.53176304893083 15.588828134483416
2046 40.531698954611194 15.588752209042877
2047 40.531635597698816 15.588675151412389
2048 40.53156882617067 15.588603150434366
2049 40.53150466778256 15.588528997384433
2050 40.531441396066384 15.588452097885373
2051 40.53137711222631 15.588376749325432
2052 40.53134287470445 15.588393893555589
2053 40.53133136524039 15.588505394523523
2054 40.53132102267423 15.58861771038872
2055 40.5313118926793 15.588729899883367
2056 40.531302669454405 15.588842578102696
2057 40.53129286857454 15.588954941649773
2058 40.53128051410391 15.58906629055254
2059 40.53127133197512 15.58917883378987
2060 40.53125867643325 15.58929067691646
2061 40.53124795443129 15.58940291008215
2062 40.53124194742548 15.589515800086426
2063 40.53122866828317 15.589627558865256
2064 40.531218682930486 15.589740060101613
2065 40.531210403464506 15.589852729576009
2066 40.531199250568214 15.589965013488957
2067 40.53118779619522 15.590077190977297
2068 40.53117911162308 15.590189971277843
2069 40.53116829290616 15.590302359946724
2070 40.53115747418924 15.590414748615604
2071 40.53114665547233 15.590527137284486
2072 40.53113582548591 15.590639643024897
2073 40.53112631258478 15.590751003083621
2074 40.53111684325769 15.590862328818432
2075 40.53110596297517 15.590974178827903
2076 40.531094104728815 15.591086392223513
2077 40.531085628213994 15.591198660064396
2078 40.5310481002 15.5912548175
2079 40.5310481002 15.5912548175
2080 40.5310481002 15.5912548175
2081 40.5310481002 15.5912548175
2082 40.5310481002 15.5912548175
2083 40.5310481002 15.5912548175
2084 40.5310481002 15.5912548175
2085 40.5310481002 15.5912548175
2086 40.5310481002 15.5912548175
2087 40.5310481002 15.5912548175
2088 40.5310481002 15.5912548175
2089 40.5310481002 15.5912548175
2090 40.5310481002 15.5912548175
2091 40.5310481002 15.5912548175
2092 40.5310481002 15.5912548175
2093 40.5310481002 15.5912548175
2094 40.5310481002 15.5912548175
2095 40.5310481002 15.5912548175
2096 40.5310481002 15.5912548175
2097 40.5310481002 15.5912548175
2098 40.5310481002 15.5912548175
2099 40.5310481002 15.5912548175
2100 40.5310481002 15.5912548175
2101 40.5310481002 15.5912548175
2102 40.5310481002 15.5912548175
2103 40.5310481002 15.5912548175
2104 40.5310481002 15.5912548175
2105 40.5310481002 15.5912548175
2106 40.5310481002 15.5912548175
2107 40.5310481002 15.5912548175
2108 40.5310481002 15.5912548175
2109 40.5310481002 15.5912548175
2110 40.5310481002 15.5912548175
2111 40.5310481002 15.5912548175
2112 40.5310481002 15.5912548175
2113 40.5310481002 15.5912548175
2114 40.5310481002 15.5912548175
2115 40.5310481002 15.5912548175
2116 40.5310481002 15.5912548175
2117 40.5310481002 15.5912548175
2118 40.5310481002 15.5912548175
2119 40.5310481002 15.5912548175
2120 40.5310481002 15.5912548175
2121 40.5310481002 15.5912548175
2122 40.5310481002 15.5912548175
2123 40.5310481002 15.5912548175
2124 40.5310481002 15.5912548175
2125 40.5310481002 15.5912548175
2126 40.5310481002 15.5912548175
2127 40.5310481002 15.5912548175
2128 40.5310481002 15.5912548175
2129 40.5310481002 15.5912548175
2130 40.5310481002 15.5912548175
2131 40.5310481002 15.5912548175
2132 40.5310481002 15.5912548175
2133 40.5310481002 15.5912548175
2134 40.5310481002 15.5912548175
2135 40.5310481002 15.5912548175
2136 40.5310481002 15.5912548175
2137 40.5310481002 15.5912548175
2138 40.5310481002 15.5912548175
2139 40.5310481002 15.5912548175
2140 40.5310481002 15.5912548175
2141 40.5310481002 15.5912548175
2142 40.5310481002 15.5912548175
2143 40.5310481002 15.5912548175
2144 40.5310481002 15.5912548175
2145 40.5310481002 15.5912548175
2146 40.5310481002 15.5912548175
2147 40.5310481002 15.5912548175
2148 40.5310481002 15.5912548175
2149 40.5310481002 15.5912548175
2150 40.5310481002 15.5912548175
2151 40.5310481002 15.5912548175
2152 40.5310481002 15.5912548175
2153 40.5310481002 15.5912548175
2154 40.5310481002 15.5912548175
2155 40.5310481002 15.5912548175
2156 40.5310481002 15.5912548175
2157 40.5310481002 15.5912548175
2158 40.5310481002 15.5912548175
2159 40.5310481002 15.5912548175
2160 40.5310481002 15.5912548175
2161 40.5310481002 15.5912548175
2162 40.5310481002 15.5912548175
2163 40.5310481002 15.5912548175
2164 40.5310481002 15.5912548175
2165 40.5310481002 15.5912548175
2166 40.5310481002 15.5912548175
2167 40.5310481002 15.5912548175
2168 40.5310481002 15.5912548175
2169 40.5310481002 15.5912548175
2170 40.5310481002 15.5912548175
2171 40.5310481002 15.5912548175
2172 40.5310481002 15.5912548175
2173 40.5310481002 15.5912548175
2174 40.5310481002 15.5912548175
2175 40.5310481002 15.5912548175
2176 40.5310481002 15.5912548175
2177 40.5310481002 15.5912548175
2178 40.5310481002 15.5912548175
2179 40.5310481002 15.5912548175
2180 40.5310481002 15.5912548175
2181 40.5310481002 15.5912548175
2182 40.5310481002 15.5912548175
2183 40.5310481002 15.5912548175
2184 40.5310481002 15.5912548175
2185 40.5310481002 15.5912548175
2186 40.5310481002 15.5912548175
2187 40.5310481002 15.5912548175
2188 40.5310481002 15.5912548175
2189 40.5310481002 15.5912548175
2190 40.5310481002 15.5912548175
2191 40.5310481002 15.5912548175
2192 40.5310481002 15.5912548175
2193 40.5310481002 15.5912548175
2194 40.5310481002 15.5912548175
2195 40.5310481002 15.5912548175
2196 40.5310481002 15.5912548175
2197 40.5310481002 15.5912548175
2198 40.5310481002 15.5912548175
2199 40.5310481002 15.5912548175
2200 40.5310481002 15.5912548175
2201 40.5310481002 15.5912548175
2202 40.5310481002 15.5912548175
2203 40.5310481002 15.5912548175
2204 40.5310481002 15.5912548175
2205 40.5310481002 15.5912548175
2206 40.5310481002 15.5912548175
2207 40.5310481002 15.5912548175
2208 40.5310481002 15.5912548175
2209 40.5310481002 15.5912548175
2210 40.5310481002 15.5912548175
2211 40.5310481002 15.5912548175
2212 40.5310481002 15.5912548175
2213 40.5310481002 15.5912548175
2214 40.5310481002 15.5912548175
2215 40.5310481002 15.5912548175
2216 40.5310481002 15.5912548175
2217 40.5310481002 15.5912548175
2218 40.5310481002 15.5912548175
2219 40.5310481002 15.5912548175
2220 40.5310481002 15.5912548175
2221 40.5310481002 15.5912548175
2222 40.5310481002 15.5912548175
2223 40.5310481002 15.5912548175
2224 40.5310481002 15.5912548175
2225 40.5310481002 15.5912548175
2226 40.5310481002 15.5912548175
2227 40.5310481002 15.5912548175
2228 40.5310481002 15.5912548175
2229 40.5310481002 15.5912548175
2230 40.5310481002 15.5912548175
2231 40.5310481002 15.5912548175
2232 40.5310481002 15.5912548175
2233 40.5310481002 15.5912548175
2234 40.5310481002 15.5912548175
2235 40.5310481002 15.5912548175
2236 40.5310481002 15.5912548175
2237 40.5310481002 15.5912548175
2238 40.5310481002 15.5912548175
2239 40.5310481002 15.5912548175
2240 40.5310481002 15.5912548175
2241 40.5310481002 15.5912548175
2242 40.5310481002 15.5912548175
2243 40.5310481002 15.5912548175
2244 40.5310481002 15.5912548175
2245 40.5310481002 15.5912548175
2246 40.5310481002 15.5912548175
2247 40.5310481002 15.5912548175
2248 40.5310481002 15.5912548175
2249 40.5310481002 15.5912548175
2250 40.5310481002 15.5912548175
2251 40.5310481002 15.5912548175
2252 40.5310481002 15.5912548175
2253 40.5310481002 15.5912548175
2254 40.5310481002 15.5912548175
2255 40.5310481002 15.5912548175
2256 40.5310481002 15.5912548175
2257 40.5310481002 15.5912548175
2258 40.5310481002 15.5912548175
2259 40.5310481002 15.5912548175
2260 40.5310481002 15.5912548175
2261 40.5310481002 15.5912548175
2262 40.5310481002 15.5912548175
2263 40.5310481002 15.5912548175
2264 40.5310481002 15.5912548175
2265 40.5310481002 15.5912548175
2266 40.5310481002 15.5912548175
2267 40.5310481002 15.5912548175
2268 40.5310481002 15.5912548175
2269 40.5310481002 15.5912548175
2270 40.5310481002 15.5912548175
2271 40.5310481002 15.5912548175
2272 40.5310481002 15.5912548175
2273 40.5310481002 15.5912548175
2274 40.5310481002 15.5912548175
2275 40.5310481002 15.5912548175
2276 40.5310481002 15.5912548175
2277 40.5310481002 15.5912548175
2278 40.5310481002 15.5912548175
2279 40.5310481002 15.5912548175
2280 40.5310481002 15.5912548175
2281 40.5310481002 15.5912548175
2282 40.5310481002 15.5912548175
2283 40.5310481002 15.5912548175
2284 40.5310481002 15.5912548175
2285 40.5310481002 15.5912548175
2286 40.5310481002 15.5912548175
2287 40.5310481002 15.5912548175
